t = 0
b = 6 6 6
E = 0 0 0
-1.2020198106765747 -0.2989673614501953 -1.6452445983886719 0.29187062172301337 -0.8682755852526817 -0.40113470085388364 -0.8575447236118728 -0.051821823425981996 -0.5117924829676992 0 0 0 0 0 0
-0.8110365271568298 -0.6820974349975586 -1.4051674604415894 0.43443390631379125 -0.48576244832748683 -0.7584866675425652 -0.8970812510436642 -0.157897322103388 -0.4126907615860979 0 0 0 0 0 0
-0.2821946442127228 -0.9600629806518555 -1.3863193988800049 0.37589848606703447 0.026840325064968727 -0.9262720578333983 -0.8808489137637536 -0.30005332580365274 -0.3661600644463875 0 0 0 0 0 0
0.20988264679908752 -0.43949413299560547 -1.2547475099563599 -0.3568015792779059 0.783367722198608 -0.5089475855548949 -0.3884166636543128 -0.621620316204348 -0.6802357516902936 0 0 0 0 0 0
0.5668809413909912 -0.8500785827636719 -0.18822742998600006 -0.31707047497015883 -0.469477516000309 0.824049255731948 0.7582844424333064 0.397426069703636 0.5167757961471593 0 0 0 0 0 0
0.3891783654689789 -1.3876152038574219 -0.28827008605003357 -0.2981955395497679 -0.4148174569502517 0.859654522236665 0.7480590204919616 0.4584887415141676 0.4797872192601235 0 0 0 0 0 0
0.014779294840991497 -1.8346061706542969 -0.22160151600837708 -0.5261574508019135 0.2819368202303768 0.8022904501263968 0.8397014719304021 0.3168739014825177 0.44101288937758204 0 0 0 0 0 0
-0.5294114947319031 -1.9289617538452148 -0.23029795289039612 -0.3124536612554278 0.7611694911503225 0.5683253604318899 0.8913032652494679 0.03163994249133337 0.45230233626942706 0 0 0 0 0 0
-0.9756039977073669 -1.4955501556396484 -0.48616817593574524 -0.17682416243056456 0.9841879546360287 0.010357872854979052 -0.9674253955353331 -0.17214452445503065 -0.18561887504630464 0 0 0 0 0 0
-0.9242581725120544 -1.5808629989624023 -1.1934049129486084 -0.3309715879803684 0.9381849367974645 -0.10132537844040178 -0.9434220533757084 -0.3277885268186742 0.05009501861867593 0 0 0 0 0 0
-0.47547590732574463 -1.4357872009277344 -1.4457546472549438 -0.5856729108390782 0.5240829475693212 0.6183237870051039 -0.7384009751556073 -0.6592606882817146 -0.14191315927555215 0 0 0 0 0 0
0.006788368336856365 -1.5205297470092773 -1.1897826194763184 -0.28384716448991765 -0.289947822647101 0.9139808790960776 -0.9590012262953529 0.0463053233599397 -0.2795933922547897 0 0 0 0 0 0
0.5537946820259094 -1.1719188690185547 -1.569230079650879 0.1346720579860668 0.6663747958687763 -0.7333539856226624 -0.8039055941491137 -0.3592532448198562 -0.47399673182646 0 0 0 0 0 0
0.8151487112045288 -0.8011245727539062 -1.7338021993637085 -0.21238706062586024 0.8026528025361438 -0.5573510698469876 -0.71769957622481 -0.5152111488434985 -0.4684706932072603 0 0 0 0 0 0
