t = 0
b = 6 6 6
E = 0 0 0
0.4088549315929413 0.8118743896484375 1.2736823558807373 0.0349965362553782 -0.5940468708588658 0.8036688109370153 0.7738165325402994 0.5250042324326238 0.3543706109359795 0 0 0 0 0 0
0.21211013197898865 0.24813461303710938 1.3016451597213745 -0.2678160863083289 -0.16789994100756733 0.9487276499207479 0.8577909317021662 0.40682840268063464 0.3141422739171748 0 0 0 0 0 0
-0.1674404889345169 -0.1738147735595703 1.4892456531524658 -0.42177978817529027 0.3408770804632859 0.8401813056130407 0.9004906441129578 0.2657304542361849 0.3442439913149704 0 0 0 0 0 0
-0.7972027063369751 -0.012543678283691406 1.2036174535751343 0.021336913651906264 0.9989387210357573 0.04081871790314642 0.5023952132563739 -0.04838117874839361 0.8632834477968396 0 0 0 0 0 0
-0.9053094387054443 -0.9878730773925781 0.5125619173049927 0.5344730365613447 -0.6450343809619206 -0.5461402938494535 -0.8131143682262021 -0.2124594478031657 -0.5419464984878839 0 0 0 0 0 0
-0.523676872253418 -1.3587207794189453 0.7948125600814819 0.5461928309470615 -0.2774967719677448 -0.7903600021316336 -0.8371680288290021 -0.18827635822396932 -0.5135189426306326 0 0 0 0 0 0
0.017276668921113014 -1.5786428451538086 0.8608589172363281 0.3760910324003951 0.4253275197834755 -0.8231962319294485 -0.8054035594789428 -0.2916967919527394 -0.5159826430638238 0 0 0 0 0 0
0.5058383345603943 -1.4420347213745117 0.9111899137496948 0.06126775572684904 0.5184479253201243 -0.8529114906245865 -0.7702108824823425 -0.5155552649208794 -0.3754703254827645 0 0 0 0 0 0
0.7142541408538818 -0.8296480178833008 0.9294756650924683 -0.1884240755314143 0.8693804685300248 -0.45680845953051985 0.9396014655206113 0.29516896100705 0.17327541790322698 0 0 0 0 0 0
0.6568036675453186 -0.5812082290649414 1.5764514207839966 -0.003142045952256389 0.9176520248640013 -0.3973724811939452 0.9982091207428941 0.026196694960674203 0.05377996317250322 0 0 0 0 0 0
0.15893465280532837 -0.488555908203125 1.7684868574142456 0.4594118210331424 0.30189401508193975 -0.8353447086997784 0.8853250360042308 -0.22873664059767676 0.4048198733661636 0 0 0 0 0 0
-0.2331818789243698 -0.8534994125366211 1.6318225860595703 0.4773753232249205 -0.5462876304309129 -0.6882460501986778 0.8513909895779442 0.48490478278603033 0.2000018362333751 0 0 0 0 0 0
-0.6881542801856995 -0.35639476776123047 1.7190619707107544 -0.3780905841696855 0.771011852473689 0.5124336381496795 0.8883746051713103 0.14644229681974008 0.435138155749272 0 0 0 0 0 0
-1.2636427879333496 -0.27790260314941406 1.860290765762329 -0.1505977472123108 0.9861578223829439 0.06937627755585239 0.8252862722164878 0.08677207207285968 0.5580082225193419 0 0 0 0 0 0
